375 4644 2483.13 Jonatan
234 4020 2822.52 Debora
316 3254 3350.37 Leonardo
208 7473 2615.24 Angela
348 5296 2686.03 Charles
246 3762 2638.20 Rosane
293 4068 4292.45 Marcio
161 8439 3874.86 Samara
310 4627 2176.59 Joao
464 4160 4651.51 Joana
236 4302 2318.89 Jorge
173 8027 4660.74 Nair
353 3477 2345.84 Danilo
424 6832 1566.07 Celia
146 7706 3115.31 Mauro
244 8688 1314.10 Isabel
175 3883 2309.27 Valdir
365 1436 3604.64 Jaqueline
205 3150 3679.75 Rodrigo
169 5841 1707.49 Tereza
234 3662 3391.29 Marcio
426 4825 4828.46 Nair
312 3186 2754.78 Israel
259 4131 3331.18 Luana
306 2654 2927.65 Nilson
362 2460 1977.11 Aline
257 3040 300.32 Michel
226 3377 2614.61 Vitoria
176 1911 731.19 Paulo
155 5010 252.29 Neusa
319 1434 4272.86 Edivaldo
386 7993 1034.34 Marli
189 2810 3639.19 Manuel
434 7813 4339.75 Michele
326 7042 230.60 Rafael
246 3935 3151.43 Solange
272 3812 1887.40 Jaime
316 4758 965.78 Eduarda
167 3873 774.53 Aparecido
252 1800 1932.10 Joana
420 2660 2539.91 Vitor
303 8706 1210.86 Aparecida
198 1486 4242.08 Claudio
299 4346 545.45 Taina
254 6562 1665.49 Benedito
373 6942 2443.48 Rosangela
431 8644 514.71 Samuel
464 7216 186.33 Daniela
401 1398 372.22 Paulo
355 2024 929.24 Angelica
410 4198 4243.18 Luis
431 4526 1930.34 Raquel
469 2062 1940.21 Denis
197 4095 4167.46 Taina
265 5582 1972.31 Mauricio
173 7256 1937.23 Sonia
401 1605 1792.83 Antonio
400 7005 1691.50 Julia
249 4356 159.88 Everton
386 3475 784.14 Roberta
218 6354 3303.79 Adilson
422 3805 2070.52 Marlene
439 6679 3708.30 Cleiton
467 8436 1644.18 Mariana
296 5459 3494.67 Davi
433 2341 3257.15 Elza
465 2291 1566.57 Denilson
234 6151 4081.61 Tania
225 1470 3615.44 Diego
182 1936 4472.67 Roseli
175 3004 3565.59 Josue
391 4314 4985.55 Amanda
434 5137 2676.81 Rogerio
453 5505 3888.10 Benedita
220 7125 629.16 Claudinei
212 6159 4342.49 Nair
232 4738 626.81 Tiago
321 2442 2477.75 Geovana
470 1474 2633.22 Orlando
155 2346 3310.23 Veronica
283 6446 1825.89 Domingos
350 7782 1005.88 Terezinha
463 3381 2973.36 Ruan
364 7007 4110.49 Sara
343 7999 1124.79 Bruno
147 6213 2454.55 Raissa
456 2837 2865.20 Eder
348 2374 372.06 Ingrid
301 8564 3285.11 Julio
441 4204 446.96 Claudia
332 2313 3772.75 Cesar
465 7414 2891.85 Yasmin
458 7650 3499.68 Valdir
460 1275 546.84 Rosane
413 2269 3298.36 Flavio
297 4696 1850.84 Maria
422 3504 1076.22 Rodrigo
287 3807 3339.23 Rosilene
451 7162 236.77 Natanael
254 5670 3444.32 Eliana
293 3637 1403.44 Natanael
421 5620 878.06 Helena
250 4820 3224.33 Josue
337 6866 1011.09 Fatima
146 8545 3047.44 Leandro
179 6047 959.24 Leila
285 7224 2826.10 Elton
415 1552 3779.21 Lucilene
434 4247 3955.13 Junior
327 6785 2234.30 Elza
442 1377 972.40 Victor
402 6048 458.88 Teresinha
150 6539 3461.90 Ismael
149 5853 479.70 Pamela
472 5254 3026.42 Rogerio
347 4004 1356.75 Francisca
149 6642 1508.21 Reginaldo
150 8218 3248.06 Geralda
354 3486 4347.70 Leonardo
479 3858 1864.86 Rosane
206 4388 509.35 Odair
235 6927 3419.80 Maiara
380 5705 3789.45 Miguel
386 5237 2108.09 Marilia
205 4682 1867.37 Alberto
199 3130 2675.81 Priscila
304 3205 276.40 David
412 3585 4149.91 Roseli
370 4750 4291.01 Artur
173 7897 417.31 Simone
391 8385 2109.60 Fabiano
435 4153 3223.57 Fernanda
260 3430 4871.55 Thiago
414 4887 3701.37 Maria
177 4766 4863.35 Arnaldo
252 5789 4381.47 Kelly
421 2287 3863.33 Nilton
473 5518 3068.83 Alessandra
143 5259 987.85 Ronaldo
361 3376 224.58 Larissa
298 3192 3486.19 Miguel
471 3357 2026.06 Naiara
267 7238 4104.12 Marco
401 7425 1394.39 Rebeca
192 8775 2368.99 Jailson
370 7355 4833.07 Cristina
194 2317 639.07 Alessandro
353 8616 3747.59 Mara
458 7460 2111.05 Lucas
155 3814 4519.96 Vania
389 4722 3269.05 Fabricio
350 1742 4022.65 Helena
369 6149 2757.61 Cristiano
247 5633 4219.63 Priscila
201 8129 3535.55 Vanderlei
392 2351 266.37 Zilda
345 4758 2759.28 Breno
425 2704 3357.26 Fabiana
325 8551 2199.32 Guilherme
270 5689 1112.73 Elisangela
391 1630 109.15 Bruno
233 8676 1245.58 Cecilia
303 2955 2714.85 Pablo
313 6413 978.07 Cristiane
263 6830 3254.54 Vagner
343 3803 4843.04 Benedita
477 4337 3878.81 Vitor
445 2452 2106.83 Tatiana
216 5511 4076.08 Jaime
413 4298 3000.86 Carolina
156 2505 1290.58 Denis
477 5846 124.40 Benedita
225 8713 4620.10 Igor
338 1251 4208.74 Geralda
290 3882 474.64 Alexandre
336 4313 3149.73 Valeria
288 2198 824.69 Valter
370 5815 1380.13 Geovana
395 7659 1271.53 Nivaldo
246 6589 4416.91 Pamela
459 7686 214.29 Sebastiao
442 3879 687.06 Leila
369 8372 4759.73 Wesley
189 4015 3534.52 Clara
370 1628 823.55 Cristiano
183 3688 696.52 Zilda
260 2392 1063.60 Ronaldo
189 7875 1076.63 Lidiane
431 2455 4113.83 Elias
430 2072 694.78 Andreia
283 4118 2390.31 Vagner
202 4079 2253.14 Pamela
219 4734 2184.33 Sandro
240 7621 1183.48 Janete
179 4741 3963.91 Joao
142 2148 3430.90 Valeria
207 2321 4095.95 Iago
375 3421 2618.75 Vanessa
380 7691 1978.48 Denis
293 1830 4470.41 Amanda
209 6051 3004.35 Cleber
393 2664 3372.22 Vilma
191 5708 4213.60 Vicente
449 7770 4578.56 Benedita
271 1912 3881.29 Miguel
199 2939 1278.03 Daniela
453 8045 3950.44 Douglas
300 6997 1303.69 Maria
422 6588 254.07 Kauan
214 6220 3660.23 Simone
349 7178 3879.26 Valter
460 6827 352.95 Samara
163 6205 1174.29 Mauricio
267 5038 4008.52 Maiara
264 6621 625.11 Marco
427 3900 1975.47 Flavia
279 4823 406.41 Jonatan
350 3276 1827.09 Renata
161 1585 3874.30 Rubens
270 6070 892.13 Cleide
178 8261 2100.13 Daniel
337 6939 2811.57 Laura
255 3110 4344.16 Daniel
478 7156 3511.99 Bianca
424 6853 1501.77 Weslei
353 1577 2747.42 Joana
164 2479 2206.21 Vitor
343 5661 4295.84 Iara
145 8014 2461.66 Thiago
255 3723 4649.78 Dalva
273 7867 2391.63 Elias
169 3485 2494.21 Janaina
156 4868 1067.59 Jairo
453 8007 471.24 Zilda
201 2789 4670.30 Ruan
427 7160 1200.79 Lurdes
223 2072 1723.22 Alison
168 5956 4946.55 Marina
385 5903 3204.24 Everton
320 6682 565.15 Bianca
434 5442 665.32 Sandro
189 1550 1267.30 Beatriz
200 3066 1141.22 Denilson
309 3968 1853.31 Fatima
276 2131 1458.59 Fernando
145 2793 1267.05 Pamela
343 4813 848.64 Edilson
358 4598 2680.56 Debora
272 2569 722.32 Augusto
204 5475 4618.31 Leila
353 5001 1721.89 Wanderson
449 1370 3636.27 Nair
256 4632 3760.15 Alex
172 2233 3016.79 Roberta
359 5914 236.30 Nelson
318 4116 804.18 Jaqueline
468 7871 4798.76 Nicolas
362 1792 2701.98 Lucia
319 8284 4543.08 Rodrigo
212 7087 3233.71 Daniele
425 3460 3419.73 Ailton
424 6282 883.36 Antonia
458 3077 773.57 Agnaldo
341 4181 4023.36 Tainara
302 2489 2266.70 Renato
370 8437 3704.50 Fernanda
221 3560 4464.24 Agnaldo
192 1567 632.39 Sara
153 4315 719.23 Reginaldo
291 8381 3923.12 Lucilene
456 7735 552.82 Italo
401 7166 1242.24 Veronica
185 8776 710.84 Cleber
322 7538 3657.82 Sabrina
318 5582 2373.00 Moises
444 5668 2181.10 Roberta
448 1789 2429.80 Claudinei
162 7785 4383.56 Flavia
149 5602 4369.65 Vicente
468 4897 1265.47 Fabiana
415 5674 2993.39 Osmar
413 2379 1692.00 Teresinha
226 2961 3359.40 Samuel
310 6571 4624.81 Iraci
385 6442 278.46 Renato
427 6588 2844.22 Sara
350 6446 326.48 Julio
282 5507 2050.94 Franciele
466 4361 580.79 Emanuel
355 7446 1018.76 Francisca
282 2241 4948.65 Jailson
267 8692 2675.65 Fabiana
198 5345 2861.34 Cicero
216 6226 2895.50 Rosane
409 4188 4522.38 Vicente
292 3447 3838.32 Giovana
286 4233 4276.46 Marcelo
223 1603 3359.43 Isabela
248 2656 798.82 Wellington
142 5971 3221.97 Terezinha
333 5352 895.60 Jair
212 6032 3160.89 Marisa
342 2835 3990.32 Helio
233 5534 2658.79 Selma
328 7739 4833.26 Pedro
146 3354 4260.08 Vilma
460 4839 2638.34 Alessandro
274 5230 1623.51 Sueli
288 3464 379.86 Felipe
391 6015 4334.68 Eva
326 8071 1946.29 Geraldo
361 1561 1954.39 Isadora
373 7315 4773.26 Edson
417 2607 1063.29 Aline
259 2803 4248.44 Michael
348 3798 3504.71 Tania
365 2319 4142.46 Jonatan
296 2586 3781.34 Sandra
474 2307 3606.42 Otavio
321 5739 3150.21 Renata
303 2097 4417.72 Edivaldo
421 3150 1298.98 Margarida
372 3567 2415.58 Ailton
441 3648 1681.54 Milena
443 5978 1113.02 Thiago
382 5262 3783.69 Poliana
156 3307 1048.53 Felipe
444 3285 1401.29 Aparecida
262 7177 693.45 Paulo
252 2227 1075.14 Lilian
170 4084 462.79 Michel
229 8050 3505.42 Adriana
343 6049 1003.33 Carlos
178 5484 2640.14 Vilma
414 1507 1541.18 Severino
436 7016 3163.91 Valeria
230 4249 160.94 Osmar
303 7485 1838.13 Carolina
473 3058 4386.75 Danilo
194 1473 151.30 Sonia
301 8024 2492.79 Jorge
179 5420 3016.25 Iracema
404 2248 187.02 Odair
437 6974 268.74 Yasmin
406 2965 2503.31 Michel
208 8341 3949.29 Natalia
245 2277 2777.69 Alessandro
420 1391 1350.65 Benedita
234 2117 3512.39 Agnaldo
140 1397 1892.60 Daniele
367 4684 2176.30 Guilherme
325 5311 1558.24 Alexandra
222 3870 401.91 Iago
405 6731 586.93 Luiza
198 3132 3331.34 Manuel
289 8392 613.15 Geralda
195 5998 2465.37 Igor
155 8360 4669.90 Jaqueline
279 6530 3989.48 Denilson
362 7675 3378.43 Sandra
367 7855 1762.01 Otavio
186 4708 344.28 Luana
165 4953 3449.25 Edilson
159 5849 2099.90 Sandra
386 5373 1893.98 Valdemir
479 1673 3916.66 Aparecida
185 2379 104.40 Kauan
208 5502 3888.80 Lais
449 1235 987.13 Victor
328 8575 1133.63 Pamela
441 8641 1313.05 Felipe
308 5569 4430.84 Cleonice
361 1404 3181.53 Joao
191 6533 3685.92 Nicole
312 4316 3013.56 Valdemar
231 3101 4779.85 Pamela
346 7200 3832.29 Bruno
169 5866 2751.03 Milena
173 3672 1080.81 Evandro
401 3220 4552.63 Rita
417 4229 901.15 Edvaldo
143 1957 3969.04 Iraci
271 6444 3966.15 Pedro
250 6519 479.41 Celia
438 3735 3748.02 Felipe
351 1534 2722.87 Rosangela
295 2283 288.32 Valdecir
249 1438 1579.42 Angelica
200 5241 4480.26 Erick
146 2582 2567.20 Elizabete
190 1899 2504.81 Mauro
379 7101 249.71 Priscila
467 8256 4251.39 Wellington
442 2418 4071.47 Ester
167 8360 2384.06 Adriano
453 2075 859.32 Liliane
274 3949 585.57 Samuel
183 8079 3336.33 Ana
357 1852 3453.28 Rogerio
289 6882 4938.89 Francisca
372 7738 3831.82 Mateus
437 1644 4494.64 Naiara
405 2821 1724.46 Antonio
178 7826 793.11 Marlene
256 2327 3136.49 Domingos
360 7284 3276.33 Josiane
197 7259 996.76 Vinicius
396 8290 948.81 Jaqueline
142 7141 749.08 Odair
356 3525 1089.61 Vitoria
163 4034 1468.40 Renato
210 7267 1787.66 Valeria
439 3302 4216.91 Matheus
353 1759 346.93 Vera
313 3956 1806.76 Pedro
246 8631 4791.35 Daniele
426 2512 2702.18 Arlindo
478 2522 3284.89 Rosangela
342 1485 309.39 Orlando
185 6642 346.08 Terezinha
370 4047 2196.93 Vanderlei
396 8375 4788.15 Flavia
246 6016 219.95 Denilson
393 3865 984.45 Vilma
169 6369 759.97 Alexandre
147 5200 1162.28 Katia
434 3643 371.90 Jose
174 8219 275.91 Angela
164 7872 3768.11 Denilson
445 5199 2045.69 Vera
178 6163 2613.87 Arthur
175 1476 4918.43 Sueli
198 4513 1342.01 Fabricio
428 7817 3010.57 Brenda
390 3450 1175.03 Helio
302 2756 3807.37 Fatima
334 6922 1735.05 Arlindo
219 1526 978.94 Lilian
340 4326 1210.36 Joao
365 1311 4525.50 Cristina
261 4393 3179.16 Damiao
140 7798 3549.44 Luzia
249 2742 2771.50 Yuri
241 4263 4282.47 Ester
258 1536 3274.59 Sandro
182 3637 2677.31 Nicole
152 3732 2896.35 Douglas
372 1742 4302.71 Lucia
457 2998 617.67 Diego
178 5743 2949.72 Selma
289 4549 1388.25 Cleiton
319 3570 2687.18 Beatriz
377 2941 3764.83 Breno
291 7510 1940.90 Kelly
423 5463 3425.40 Paulo
465 2574 2433.11 Sheila
355 8702 467.85 Leonardo
267 4043 4301.83 Elaine
371 8391 4033.71 Marcos
349 7129 3858.68 Severina
467 4487 4099.00 Cristiano
303 8479 1993.28 Cleide
283 1987 3099.03 Ruan
331 6269 2673.49 Daniele
276 6808 574.61 Augusto
362 3109 4920.47 Nair
355 5246 3018.05 Cicero
382 2822 2613.55 Regina
381 6557 689.64 Jairo
176 5474 4325.86 Angela
414 7868 1723.34 Moacir
277 7642 128.18 Joice
347 2013 4541.29 Nilson
380 8213 1325.20 Luiza
261 6636 4706.76 Nelson
462 6085 3522.39 Isabel
385 5558 4241.51 Evandro
230 2642 129.81 Julia
296 8163 3602.91 Jonas
409 6895 4850.21 Luana
467 2638 4780.88 Augusto
414 7426 2415.25 Jaqueline
265 2566 3514.05 Arlindo
298 5615 4953.08 Edna
444 4365 4758.35 Adriano
405 5985 808.03 Leticia
283 5868 3397.81 Adilson
300 6246 2507.99 Sebastiana
371 7949 3916.95 Diego
183 6043 3400.54 Severina
428 6035 3059.19 Jonas
396 8064 4343.72 Benedita
229 6478 237.27 Cristian
347 8215 1299.50 Benedita
245 3046 4898.61 Thiago
169 8654 1525.84 Tamires
141 1872 1808.64 Jaime
215 3845 2152.78 Viviane
441 3667 401.35 Luiz
419 3719 4108.43 Beatriz
286 3419 3606.48 Sergio
358 3632 3803.82 Lucilene
379 7184 1767.81 Anderson
237 1703 2099.35 Leila
254 1380 2090.89 Claudio
335 7955 2714.60 Leticia
259 1352 3555.55 Maicon
394 8585 1988.26 Isabela
305 2768 4311.57 Maicon
278 7834 4127.57 Marta
461 6507 1348.28 Aparecido
203 4547 3388.70 Geovana
452 6033 2965.64 Henrique
471 6922 3216.38 Bruna
182 2135 3523.62 Cleiton
179 4585 1991.54 Raiane
467 4680 1587.73 Arlindo
320 4582 1374.03 Marlene
232 5142 2143.41 Igor
249 5161 1638.28 Tamires
225 1324 4092.48 Adriano
140 1908 1635.34 Flavia
290 2354 1083.57 Julio
140 4804 3698.11 Kelly
363 4945 4875.01 Nicolas
329 6783 3342.87 Aline
372 5080 1801.07 Elton
220 8423 4076.14 Gisele
394 4042 3351.41 Marlon
187 2521 1937.14 Edna
148 1597 3317.52 Wanderson
449 2034 4247.59 Jaqueline
204 5291 762.76 Sidnei
315 3868 3933.85 Celia
244 1399 3181.78 Valdemar
384 7919 4708.78 Cleide
436 6727 845.99 Murilo
355 5203 2858.02 Erica
168 5458 1825.14 Caua
197 8315 4256.24 Liliane
217 6675 3558.88 Pedro
147 7803 3946.95 Antonia
405 4917 3335.38 Claudinei
240 4955 2815.25 Rosane
302 4643 2110.30 Claudio
157 3202 2362.31 Marina
258 3434 2034.35 Arthur
406 4071 385.40 Tereza
384 4273 1645.29 Caio
430 6558 3583.78 Naiara
422 6912 4757.54 Osvaldo
471 3959 4715.61 Vera
227 7920 3449.79 Wellington
381 6820 3355.39 Cristina
270 4809 529.55 Alex
394 7742 2735.34 Marilene
472 5462 2557.66 Jonatan
242 7309 918.14 Larissa
393 2456 3571.91 Nelson
155 6828 2958.06 Luciana
238 1737 1807.28 Joao
152 8661 1912.52 Marinalva
400 7788 780.79 Gerson
211 6675 3821.30 Daniela
179 5942 1861.22 Diego
268 3707 3961.01 Janete
331 1608 3131.46 Denilson
382 2297 3371.02 Aparecida
422 2077 2738.18 Elton
285 1826 3400.99 Elizabete
309 1925 3024.34 Fabiano
261 3833 3516.05 Isabela
383 5285 1431.57 Rian
439 6275 2810.52 Marcia
439 5026 2001.27 Rogerio
189 5319 4310.43 Cicera
478 6869 4093.12 Renan
439 7972 4776.71 Marlene
478 7170 2102.51 Renato
369 4746 3614.50 Gabriela
240 8671 3197.00 Arlindo
248 5991 690.37 Clara
450 3210 725.20 Willian
182 7233 4031.40 Marli
338 8148 1063.84 Claudio
408 2181 3946.31 Franciele
411 3009 2510.60 Cristiano
477 6162 1248.07 Eduarda
266 3662 153.43 Rafael
377 4949 1916.23 Edna
172 2582 4819.99 Rafael
393 3796 4175.14 Teresinha
237 6450 3126.42 Natanael
214 6381 3911.06 Franciele
158 8503 3691.30 Diego
468 8012 283.48 Eliane
274 7121 4114.43 Ruan
237 4169 971.30 Vera
419 4440 4818.06 Ricardo
439 5031 1386.76 Andreia
305 1862 4354.42 Valmir
386 8041 663.49 Celia
184 3650 2644.03 Murilo
230 4863 3624.61 Roseli
355 7046 4238.18 Gilmar
206 7168 1939.72 Daniele
239 6362 2880.11 Marcelo
276 4981 147.83 Janaina
439 4119 840.65 Ailton
406 8606 4684.76 Ivonete
274 5684 4872.98 Marlon
466 1422 3859.49 Ester
212 5978 3849.02 Odair
386 6646 3638.70 Iracema
236 4605 3270.36 Alison
259 4559 556.24 Vitoria
140 2343 627.16 Henrique
342 8362 4511.18 Franciele
200 6880 2892.54 Marcos
283 5626 2427.16 Tania
277 7737 4162.43 Mauro
298 2640 3559.03 Carolina
389 5878 1979.97 Maicon
371 1496 3801.57 Lilian
273 4485 3849.37 Vagner
333 2104 2114.32 Geovana
221 4260 1647.83 Italo
316 3368 612.59 Cintia
373 3660 2054.89 Douglas
286 4634 2612.41 Beatriz
265 7138 980.16 Matheus
398 5580 4842.21 Andrea
239 1753 1720.31 Jairo
194 2323 1587.50 Clara
337 4531 4314.23 Alessandro
217 4292 2368.53 Raimunda
144 7375 335.53 Wilson
450 7446 2704.55 Elizabete
142 2606 1134.35 Emerson
220 2045 2601.29 Taina
476 3082 141.79 Flavio
410 1762 471.39 Angela
433 6697 454.06 Cleiton
229 1886 1247.97 Ivone
346 6636 2558.91 Joel
360 8485 690.23 Priscila
383 3951 2351.07 Gilmar
317 7767 1782.28 Dalva
420 8135 4725.75 Alessandro
265 2272 2557.30 Iraci
170 7368 3726.63 Cesar
391 6699 4615.46 Lorena
476 5311 1387.41 Moises
439 5035 846.24 Neuza
285 6200 2732.36 Andre
142 4957 3385.28 Isabel
394 6790 4422.77 Vinicius
254 7661 3637.54 Rita
262 7059 532.53 Marcos
176 1885 447.21 Ana
470 6602 4422.69 Antonio
353 7830 4232.60 Lara
192 8262 1106.26 Fabio
456 2329 1770.06 Raimunda
322 4967 1454.83 Miguel
241 4546 4577.43 Livia
473 3861 2129.04 Hugo
422 7652 4064.96 Adriana
198 4392 2413.72 Edmilson
304 7492 2515.95 Larissa
194 7341 3551.19 Edmilson
448 5927 2882.76 Lara
153 4702 2981.52 Arlindo
328 7689 1369.84 Karina
245 2395 4575.94 Vagner
304 8623 2376.87 Luciane
419 4817 4938.70 Nilson
382 1491 711.33 Denise
231 1455 1584.60 Joaquim
326 6579 2211.58 Kelly
175 4849 4957.20 Joaquim
407 1632 834.67 Katia
344 3634 4434.93 Kauan
174 2333 3859.70 Luana
223 2346 4629.51 Valdecir
406 7861 1609.46 Cristiane
176 5089 342.72 Nicolas
325 1306 3437.11 Eduarda
303 1722 4778.99 Wilian
332 1539 318.72 Elisangela
326 1894 3883.00 Diego
423 8391 1343.04 Marta
350 6628 789.77 Joel
405 6991 2425.51 Marli
259 4013 4965.57 Roberto
356 8550 2575.73 Aparecida
158 5661 1886.52 Nilson
360 2565 3325.35 Neide
412 1320 4241.99 Gustavo
336 1481 4063.25 Rosane
442 6134 1052.32 Antonio
364 6061 4978.20 Luciene
454 7379 3370.86 Luan
175 5667 3186.28 Geovana
240 6691 3641.26 Moacir
236 3888 3584.59 Viviane
464 6383 1358.13 Cristian
202 1986 1978.05 Luzia
246 6098 4822.72 Ricardo
158 1328 2232.99 Elza
276 3515 1875.04 Marcio
260 4879 3530.15 Maiara
312 7036 172.27 Nivaldo
387 3889 669.15 Luana
425 4954 4173.35 Nelson
167 2103 290.20 Daniele
188 7487 3469.39 Juliano
286 7048 1275.95 Karina
419 7505 1753.17 Pablo
344 2479 4161.63 Marlene
163 1407 4835.36 Osmar
478 5233 1292.24 Iracema
271 3325 1200.03 Reginaldo
216 7780 1608.36 Larissa
266 8403 1762.26 Osvaldo
179 4767 3399.77 Sabrina
293 7656 1222.55 Pedro
165 6646 2627.75 Marli
319 8078 488.19 Elton
434 5585 3960.62 Francisca
360 6084 4394.11 Emanuel
223 1813 4627.54 Brenda
188 4245 1051.77 Sergio
453 6938 4442.71 Regina
448 6105 762.36 Nilton
339 8125 1209.81 Ines
248 3900 2559.75 Osmar
455 4875 2738.97 Marcia
217 4860 4144.53 Emerson
331 3792 3262.62 Flavia
331 7917 4079.79 Cristian
331 8382 4004.32 Rafaela
161 8109 4744.43 Alexandre
428 2681 511.66 Nilza
151 3602 3903.28 Erick
251 1949 948.45 Vitoria
152 1669 4158.47 Daniel
186 7045 2167.47 Debora
403 6097 3191.10 Rogerio
165 8546 300.35 Irene
158 5350 2747.71 Adao
467 3277 2070.64 Isabel
429 5997 2389.68 Italo
240 2110 3630.52 Roberta
319 3998 2573.92 Angelo
265 8168 4056.45 Lidiane
316 5288 128.15 Flavio
256 7073 3043.63 Adriana
188 8364 1308.29 Rogerio
369 8508 855.32 Joana
297 8016 4983.53 Valmir
192 5510 3872.81 Gabriele
351 5948 3194.61 Edvaldo
176 2827 4343.31 Lucilene
252 1351 3321.92 Agnaldo
442 4344 3257.67 Edna
432 6553 2960.44 Cristiano
383 7378 3367.04 Patricia
374 5155 362.14 Paulo
194 4852 3012.24 Luciene
182 2048 3651.79 Augusto
172 6212 2334.81 Raimunda
410 1359 3530.61 Luan
451 2577 4367.69 Tais
464 5690 2901.87 Fabio
150 7597 2694.39 Marilia
297 6080 3448.44 Josue
300 4851 514.40 Lara
148 5080 899.24 Renato
206 6324 3485.23 Talita
206 7833 2400.51 Marcos
407 1915 1705.09 Cleonice
469 2481 4375.75 Vinicius
376 8513 3245.08 Eduarda
232 4329 1763.31 Geovane
159 6517 4574.84 Antonia
250 3188 4501.04 Rodrigo
350 2403 185.39 Iara
279 6646 3766.86 Sandro
314 4064 1287.85 Cristina
336 7337 1338.40 Milton
150 4611 322.37 Paula
272 6959 1801.71 Alexandre
444 7869 4526.50 Severina
372 8176 3131.93 Alessandro
216 1420 1842.61 Dalva
478 2737 3699.60 Alberto
396 6556 2459.98 Cintia
359 3968 3301.00 Moises
423 5008 1423.54 Katia
426 1681 897.50 Diogo
248 2791 2748.29 Neuza
291 5332 2236.36 Fabricio
382 7017 1209.03 Teresinha
150 6144 3652.61 Edilson
220 4582 1147.59 Lidia
344 7057 1339.42 Luis
318 5414 2282.70 Janete
458 4160 4777.98 Danilo
269 6774 3883.25 Sara
443 7704 425.12 Manoel
258 7526 4907.10 Terezinha
440 1840 4070.86 Marcos
368 4737 660.14 Helena
176 7566 3223.30 Sandro
241 3121 1456.21 Veronica
337 5465 1869.35 Severino
170 7164 4198.72 Camila
146 2629 4832.11 Antonio
460 3021 3809.91 Rosilene
367 6569 1674.54 Ismael
338 8277 696.58 Nicole
318 1653 1247.20 Paulo
475 1985 4542.08 Cristiane
196 1905 1150.88 Arthur
203 8461 2320.30 Sebastiana
210 2314 517.21 Reginaldo
371 1503 4684.42 Marli
164 2902 4381.15 Sidnei
245 5269 2030.12 Rosilene
318 6737 3512.85 Marlon
466 7396 754.02 Alessandra
399 3590 2446.54 Vinicios
389 7962 3180.86 Claudia
196 3097 4109.55 Everton
312 8538 4932.10 Marlene
473 3892 2292.49 Gilberto
169 5885 4716.38 Irene
443 3711 2315.79 Denis
364 1946 3700.43 Caroline
277 4735 2152.35 Pablo
402 3784 4705.02 Alessandra
248 8407 3674.16 Victor
180 3785 1335.83 Ana
418 7615 2597.85 Valmir
352 2040 2379.02 Bruna
177 7237 1728.72 Moises
178 3997 955.44 Mirian
192 5745 474.79 Celso
459 3811 1949.86 Solange
461 4223 3919.75 Emerson
140 2527 4725.25 Carolina
469 4478 1102.29 Wagner
373 6037 2119.03 Solange
278 3165 4440.14 Alan
431 2443 4341.60 Fernanda
150 4634 3050.95 Raimundo
374 2177 1417.23 Luciane
314 2949 3667.17 Joaquim
221 2479 782.06 Livia
435 2692 2475.91 Mauro
356 7649 3767.20 Vitoria
300 6595 1003.94 Elton
472 2160 1778.34 Veronica
305 8086 4067.92 Cleber
339 4557 917.95 Helena
450 5015 1556.32 Celso
313 7776 287.86 Elizabete
367 8294 2701.86 Nelson
406 6080 1992.88 Marli
311 2890 4712.31 Adilson
392 6258 4838.62 Clara
447 5992 4689.98 Ivan
264 2863 1943.76 Sebastiana
369 4768 1752.82 Moises
474 3504 2508.08 Josiane
305 7424 1021.58 Ivan
329 5076 1196.21 Teresa
353 5339 3339.29 Guilherme
452 5755 3546.56 Paula
281 4937 3093.94 Edvaldo
186 6995 890.45 Erica
386 4609 177.01 Robson
452 8379 3491.85 Teresinha
335 6981 3935.81 Vinicius
283 6154 1690.81 Sandra
271 4869 3982.09 Jean
283 3311 1632.35 Priscila
208 5261 1815.49 Joao
433 2188 3886.78 Tainara
312 2970 4524.71 Denis
224 6014 2653.55 Cintia
211 4080 1000.92 Eder
440 2620 2292.57 Maiara
218 4673 3658.56 Ricardo
474 6617 2853.49 Iara
433 2981 3341.89 Artur
411 8434 941.70 Sara
414 3549 3798.80 Ademir
179 8340 1051.80 Raiane
421 7740 2139.46 Valmir
292 3179 1257.95 Beatriz
189 2016 636.00 Hugo
410 5587 3125.97 Rafaela
370 3266 4590.56 Alessandro
141 8184 966.41 Vilma
216 5034 1517.51 Arnaldo
167 5750 4449.96 Conceicao
475 4439 3615.69 Mateus
224 6786 2739.28 Angela
446 7330 545.76 Wellington
289 3233 3203.42 Neide
276 4214 4054.41 Wanderson
140 6114 672.14 Solange
427 5178 1806.42 Denis
421 3646 827.77 Renata
383 2555 652.91 Osmar
349 5793 2514.33 Eliana
199 5105 1775.63 Murilo
173 8144 2356.84 Fabiana
158 3609 2848.30 Felipe
413 8032 1858.52 Ines
401 7426 2967.33 Bruno
404 6221 2807.72 Jenifer
236 1210 2406.95 Renato
244 3151 2432.35 Marcela
140 5645 2944.49 Eder
412 2051 2792.95 Simone
169 8608 853.61 Wilson
174 1590 1730.65 Elizabete
390 3962 528.79 Joao
176 8248 4474.56 Andreia
176 7887 4405.96 Agnaldo
259 5557 3718.06 Marilene
377 4564 3695.28 Celio
170 5274 2403.41 Carolina
246 8768 1636.20 David
160 3310 4248.37 Poliana
355 6417 2787.94 Agnaldo
299 2426 1293.58 Roberta
180 5563 307.05 Guilherme
416 4661 2860.45 Andressa
387 4718 1619.08 Cristiano
264 4129 1991.52 Tatiana
330 8531 3292.99 Fabio
275 1721 912.28 Mariana
449 1581 2887.90 Israel
442 3211 415.88 Selma
224 4058 1931.11 Wilian
334 7417 139.87 Teresa
181 3864 3763.79 Jose
417 6895 2146.31 Ingrid
325 4454 4670.92 Edson
330 7392 1838.85 Sabrina
285 8234 1979.60 Jose
428 6565 4645.50 Teresa
244 4028 2241.26 Vicente
389 7484 1049.57 Iara
247 4794 2025.05 Ivan
161 6345 2992.65 Luciana
170 4550 4803.97 Manuel
365 1517 4624.52 Roberta
248 2979 3588.38 Eder
426 2219 4813.73 Fatima
278 5975 4141.55 Ademir
456 3321 146.24 Alice
473 2702 4282.42 Gerson
476 2776 1278.60 Monica
466 1928 4693.91 Sidnei
445 8560 1240.74 Mara
265 4777 4959.85 Rafael
395 4621 1424.83 Raimunda
335 3546 2183.19 Adao
347 2894 791.34 Josefa
240 3705 795.56 Julio
397 8270 907.50 Marcela
408 2132 2294.76 Milton
479 6875 4666.06 Claudia
292 7521 4882.10 Eduardo
238 5144 1383.19 Andrea
362 6554 3357.08 Rian
179 1303 3505.08 Rosana
265 1508 3629.76 Willian
419 5287 808.36 Sandra
340 8643 939.51 Silvio
379 2581 1174.38 Marta
341 7761 3391.08 Miguel
283 3936 1087.25 Marinalva
174 5631 191.05 Antonio
331 1266 4172.96 Marinalva
417 6578 1578.35 Geraldo
165 4279 700.92 Margarida
263 7268 3460.92 Rubens
184 6133 4134.42 Regiane
149 6322 2563.81 Tiago
161 8428 2797.07 Katia
179 2028 1778.42 Manuel
150 3752 1361.72 Priscila
332 8365 1199.58 Joel
223 1223 1833.99 Josiane